0929 0923
2845 2836
1457 1453
2855 2848
2625 2615
1706 1702
3390 3385
0909 0900
2123 2115
0795 0792
3347 3342
0053 0045
2657 2654
3099 3092
1139 1136
1360 1350
2765 2760
0464 0455
1380 1375
1681 1675
1871 1870
0028 0021
1063 1062
0673 0669
3415 3405
3254 3249
0099 0094
3426 3419
0947 0938
3656 3648
1811 1802
2814 2813
1485 1481
3443 3442
2908 2907
3784 3776
0693 0684
2671 2670
3422 3418
1975 1968
2386 2385
1303 1295
1954 1953
1791 1782
2256 2253
3504 3499
0756 0751
3469 3459
2004 1999
0796 0789
0123 0119
1402 1393
2392 2388
1859 1856
2530 2522
1705 1701
3496 3495
0564 0561
2531 2527
2192 2186
1472 1464
1344 1343
3708 3699
0311 0302
1338 1337
3195 3191
1814 1806
1266 1257
0587 0581
0603 0595
0766 0762
1187 1184
3518 3509
2461 2453
1697 1693
1742 1735
0666 0658
0734 0731
0989 0982
2100 2098
3062 3061
2070 2060
0191 0190
0487 0485
0539 0534
2585 2582
1866 1862
1033 1029
3763 3757
3029 3028
1462 1456
0625 0620
0515 0512
3203 3197
3690 3687
2443 2439
1027 1018
2887 2884
2719 2714
2270 2260
