0.231228 -0.00381514 -0.765111 -3.69493 29.383 9.51676
0.273169 2.63279 -0.868374 5.22625 -11.5729 27.6971
-1.66063 -2.19234 -1.53874 -18.2721 17.3311 -19.2977
0.609603 1.38106 -2.34252 -23.3581 1.83946 17.7182
-2.19735 2.6156 1.26982 -8.91113 -13.0065 5.90423
0.358952 -1.77971 1.69058 7.71904 -21.5239 15.5293
-2.33387 1.49357 -2.25527 6.64804 5.27564 -26.6262
2.07677 -0.890036 1.11609 -14.5359 10.6919 -21.0613
-1.74505 -1.24416 -2.13239 24.3728 -12.5003 -13.4198
1.371 -1.4233 -2.63352 25.7865 -28.1255 21.1103
