-1.86677 -2.6133 -0.166945 -10.914 -19.3956 -28.8084
-1.32242 -0.0832817 -0.87464 26.3299 26.2243 0.970707
-2.17459 0.997734 -1.9509 16.6652 -23.7909 18.2653
-0.288277 2.77504 -1.17905 24.5533 -12.0486 7.0615
-1.30142 2.37708 1.48596 7.2998 24.6465 -14.8633
2.47995 -2.99618 -1.32381 6.95327 -24.291 -14.8048
1.75944 1.25432 1.34207 7.4556 -14.0827 29.0896
0.639933 -1.84677 1.72105 24.124 3.14302 2.35646
0.439052 2.28988 2.15264 -6.24837 -7.98893 17.7043
1.77849 2.94396 -0.889251 19.217 7.41066 3.4023
