-2.78156 0.164105 -2.36329 9.30517 -18.0932 -16.5537
1.6624 -0.619563 1.64775 -15.7066 26.4142 -8.69483
2.90682 0.729656 2.74812 2.93807 28.8642 -3.57973
0.702553 0.610374 0.415707 6.64228 -10.3076 -14.7871
-1.87738 2.02562 -1.42097 19.1643 -20.8568 -25.1121
0.716539 1.16073 -2.78942 -22.6919 -14.1511 -22.8566
-2.27395 1.48874 1.19784 -27.7671 -3.93267 -1.9318
0.855898 -1.19079 -0.905309 6.26512 0.881332 -28.6552
1.99714 -2.04649 1.50826 20.8483 -0.647265 -23.9546
2.85813 -2.44631 -0.462095 -8.49405 -7.18673 4.59841
