2.3023 -1.52897 -0.0672742 17.8198 -16.1485 22.1656
0.735332 -1.30468 2.18697 18.523 -10.3897 26.9911
1.77801 0.972562 -1.50125 6.58027 10.6971 12.3331
2.17796 -2.73384 -1.49362 27.4555 18.3745 -18.5508
2.39845 -0.966488 2.49834 -27.3976 4.86174 -18.6256
-1.11937 -0.862852 -0.630433 21.5358 9.4155 -0.477558
2.40789 1.74512 2.37616 2.17642 0.295738 22.5122
2.76214 0.770013 -1.55627 17.1815 11.6292 25.7352
-1.96405 2.59758 -2.47058 27.8973 18.3852 24.5243
1.41763 -0.0491619 1.21991 -25.3237 8.4749 -17.8582
