-2.34404 1.12358 1.61651 28.7856 26.585 -1.31487
-0.507311 -1.12915 -1.63414 23.8467 -1.36866 20.1448
-2.83157 -1.19265 -0.0425479 -5.61884 0.325377 29.5795
-2.07578 -1.66147 -2.11574 19.3027 -21.015 -1.39565
1.65065 2.25459 -1.75188 20.9192 -16.4033 3.43962
-2.3663 -0.417964 2.12769 -24.3277 19.6999 -11.0718
-2.5481 -2.12709 0.81992 -8.47921 -14.5848 -1.98041
1.10405 1.58246 -1.89708 -9.38681 29.6094 25.6642
-1.7816 -0.801665 -1.42511 9.0841 -24.1088 -0.705618
0.807701 -0.188307 1.43953 7.07748 10.644 27.0986
