-0.415235 1.04961 -0.597653 -6.83598 -29.2052 18.793
1.19059 0.644496 1.79778 -7.78027 9.70344 3.41387
0.343966 -2.63627 1.22965 -22.9883 10.2945 -26.5191
-2.72511 -2.44575 1.00154 8.21879 -28.4706 -2.87418
1.707 0.873212 -2.7978 24.2434 -19.7678 28.4099
-0.676388 2.96687 2.98263 4.74281 -16.4323 0.523923
-2.59738 0.992339 -1.11973 -16.7332 4.29597 29.0484
-0.979516 -1.3838 0.00855975 -1.9454 24.1789 24.9413
0.251212 -0.899438 -0.92449 10.704 -16.0413 -6.11035
-0.568593 2.45941 2.27146 -23.191 -4.29172 25.6027
