0.58158 -2.62231 1.54208 -29.2368 23.3134 9.90052
0.953674 -1.27933 0.632318 20.5005 9.02933 -4.93125
2.36365 1.53241 2.82868 -17.5541 -20.1451 11.9252
-2.49942 2.70866 -2.66836 -11.6462 20.1504 -4.6193
0.826937 -2.02968 -0.170161 22.1604 1.80724 -10.2962
1.53872 0.284478 -0.161778 -17.1622 -29.7059 0.322399
-1.17257 0.519943 -2.10065 10.8305 22.8191 -22.8822
2.74004 -0.844294 0.0129251 -5.57765 18.0827 20.877
-0.144138 2.15334 -2.55441 1.65299 15.3669 0.247999
-1.6298 -1.67224 -1.67569 -25.3745 -5.8379 -19.3553
