0.370767 -0.548921 -0.992747 15.5232 -26.7838 10.3359
1.38706 2.37869 2.43354 -25.2771 7.31357 -5.52157
2.69302 -0.677361 -1.11727 -29.4097 -27.2373 -15.3279
2.68883 1.54231 1.84276 26.2136 -12.5427 -0.228772
-1.31645 -2.28108 -0.124517 8.45038 18.8975 23.3286
2.02476 -2.91658 0.330077 24.7027 -9.43189 -14.7959
-0.797073 -2.48293 1.96426 5.24131 7.0026 -17.0241
-1.81562 0.184669 -1.61824 24.0544 26.3178 -22.9664
2.14781 1.80317 1.50298 -1.82638 -23.6544 -3.70904
-0.999977 -1.14712 -1.65432 -15.2306 18.7163 -21.4339
