2.32464 2.03267 -1.32434 -18.5976 -11.3287 25.4693
-2.87901 2.83846 -1.57627 -17.6 18.9648 18.529
-2.55024 2.37995 1.02139 4.85012 -26.9122 6.3807
-0.593901 1.48065 -1.66875 0.0284948 -10.6791 -6.38345
-1.60168 0.423246 -2.1538 -2.3625 19.2063 -21.475
-2.54951 2.17473 -2.07192 22.1755 -7.77711 -10.9246
0.903607 1.00633 0.709413 5.21314 21.3404 19.1825
-2.30202 -2.18503 1.40694 16.0847 7.34795 29.4518
-0.697865 2.605 1.74192 -0.770697 -27.3618 -16.3828
-0.792501 -1.15981 -0.645602 17.6582 27.9629 19.6279
