-2.64889 -2.45296 -2.20363 6.2662 2.82352 16.3237
2.19457 -2.14437 2.21361 24.5636 -27.5633 -17.302
-1.80126 2.60358 -1.72042 -4.30551 22.5187 -13.2135
2.36264 0.731987 1.01922 16.4256 0.377955 -17.4367
-2.25359 1.51001 -1.9071 8.54666 -16.8392 -21.6179
-2.04176 -2.37665 -2.99773 -29.983 19.1347 4.55373
1.1641 -0.215808 1.24068 24.5764 -27.1521 -1.54663
1.73128 0.731782 1.69923 -7.51874 -7.93695 17.5353
0.136019 1.25883 -0.0728802 17.1413 -20.0105 -21.2276
-2.67929 0.563195 0.694207 11.009 -16.2235 8.44608
