0.458186 0.697318 0.664186 -23.3775 21.0123 3.08773
0.880058 -0.205272 -1.00169 22.1928 -24.0921 2.24142
-0.239085 -1.52367 2.24169 -2.61533 -1.81312 -4.66699
2.60017 -0.849596 1.50495 15.6469 -29.9982 5.92419
-1.86294 -1.35792 -0.730943 -8.56839 -28.2201 3.05175
0.327727 2.11487 0.0212094 8.07934 -8.10765 21.1253
-0.194011 0.754827 1.41887 19.9373 27.1312 6.55796
2.38998 0.806407 -0.0118224 -1.73924 -4.21843 -22.996
-1.71923 0.649431 2.5643 17.4904 -27.3801 -2.99633
1.07063 -0.0436721 -2.2597 -7.3964 -20.5652 -13.0846
