2.79633 2.80401 -0.110488 25.4618 12.0551 -1.30056
2.58963 -2.03304 -1.93115 -22.1993 28.2642 -7.76954
-0.577539 0.905527 1.02638 14.5961 -0.204284 -29.0025
-2.13962 -0.126117 0.613838 11.9598 0.37701 -20.5443
1.02784 0.134331 -0.78914 5.13472 3.99973 9.4537
2.03784 1.13993 -0.330369 -10.2184 -29.9223 -16.7777
-1.6442 -2.52611 2.92939 -17.6572 -24.8923 -5.49342
1.93316 1.85403 1.30536 -27.184 -15.8067 19.7622
2.91291 -1.46796 1.40502 -18.0545 20.6252 18.0342
2.31618 -0.950706 1.59486 10.7205 -8.92941 16.9759
