1.33328 2.15561 0.528476 12.553 7.83686 -7.38812
-0.94436 -1.37344 1.20425 -1.36945 16.4789 -26.594
-1.08817 2.17104 -0.51238 17.1778 -13.8846 -0.837703
0.606906 0.300905 -2.63931 -16.4392 -11.3033 -6.18439
-0.470166 0.203822 1.65124 -0.593552 13.6043 14.643
-0.159592 -0.283694 2.60028 26.5309 -12.272 3.74457
2.71348 -0.180944 2.89902 -20.9462 -6.0164 25.0858
1.40112 -2.90917 0.393546 0.554911 8.83764 -26.9284
-1.96599 1.10552 0.883282 -25.6824 11.2762 -17.7086
1.55667 -1.82024 -1.97553 5.24816 25.7846 -6.04239
