1.93701 0.923332 0.431378 -7.89426 2.78017 -10.7783
2.99963 0.758909 -2.60317 -18.6682 10.8582 -11.5077
0.496549 0.0743678 2.14731 5.63587 29.2244 -3.83304
2.84878 -2.46372 2.10966 -4.15001 19.1018 5.97181
2.2941 1.51577 -1.1411 -24.7737 27.2677 5.42598
-1.61256 1.27156 -2.55597 14.6444 12.8184 -17.0382
-2.28854 0.949345 2.44117 -2.85851 22.7535 10.4537
0.0949297 2.21262 -1.28246 -16.4651 -7.04492 -14.0579
0.87061 -0.67084 1.26356 -8.34415 -23.5915 -22.5932
0.330986 -2.14004 2.49936 -29.6539 22.1866 8.12891
