0.113999 2.47132 -0.108603 -18.871 17.3331 -28.7865
2.81868 -2.46323 1.73365 2.71113 -10.5305 29.2379
-2.48896 -1.33007 0.112127 -19.8224 5.9057 -16.4169
-2.13658 -0.271759 1.43981 -26.6941 -19.9533 9.61735
0.39734 2.94495 -2.84056 16.696 -21.9798 -15.4161
-2.15514 -0.677516 -1.53901 24.139 5.98518 -19.7399
-2.79316 2.91556 -1.30084 -29.0653 10.6458 -7.18074
-0.166005 0.863682 2.20929 -2.5521 -17.5561 -7.37459
-2.3328 -1.76223 0.648877 -15.2757 -25.1909 -6.86101
2.44345 2.8687 -0.0765924 -6.33903 17.0094 -20.7398
