2.68337 -1.12442 2.4619 24.557 -24.3836 4.23768
0.0929309 -1.72262 -1.88732 21.1064 -21.9725 -5.62911
0.565676 0.449103 -2.35137 -25.4067 29.4295 -23.1398
1.80417 2.34 -0.193438 -20.4353 -20.7116 25.2705
2.89999 -1.0882 1.34216 -11.3257 -28.6206 16.8995
-1.71246 -0.345508 0.69585 -26.542 -4.79636 23.3011
-0.380475 2.04928 1.67001 -8.30415 -19.1748 29.401
0.329404 -0.822325 2.1111 26.9169 -28.0272 -12.2632
0.631565 -2.57598 2.5507 -20.0954 26.3401 18.92
-1.59437 0.187707 -1.48778 -14.8458 -29.5883 16.9298
