1.85904 2.37628 -0.193309 -9.18439 -1.99088 -6.96276
-0.848366 -1.10226 1.27936 2.15652 -29.9998 -4.32972
1.50449 1.96361 -2.63296 5.13834 -15.4049 26.3792
-2.8317 2.57088 -1.5347 26.5646 20.16 27.0103
-2.80377 -1.4478 -0.610955 0.481157 -7.2235 23.8684
-0.392925 -2.04598 2.62569 -3.54358 2.35952 0.71934
2.38993 -0.146127 -2.16898 11.3581 13.3296 22.2857
1.45884 0.721355 -2.25355 14.7476 23.7153 -6.17681
0.713211 0.478975 -1.3058 -0.792303 -8.09464 -11.4062
2.20077 1.23416 0.427105 1.80884 16.8533 18.2771
