-0.524133 -1.60536 -1.2897 9.68132 8.56007 -7.48875
-0.446403 0.955018 -2.93735 -27.9624 -10.0487 -7.07992
-2.45952 -2.37953 -2.31836 1.86159 0.052844 5.20409
-2.18181 -1.91884 -2.02482 -9.76478 -27.7002 -1.95104
-1.55939 1.83932 0.118502 -23.5748 1.76755 -14.1163
-2.07104 -1.0115 -2.51719 22.3231 -8.07941 18.8241
-1.68635 -1.69053 2.09695 -26.4867 -24.1729 -26.8047
-2.94974 1.96937 0.886589 -17.6338 -27.9676 7.85684
1.17632 2.85713 -1.33398 -10.9998 -29.8348 14.4808
-0.387503 -1.26424 -0.781472 -19.2363 -23.9964 -11.0893
