2.41922 0.536026 0.105691 -16.8558 -27.8773 9.75138
-2.19143 -0.5115 -1.22858 19.9435 -21.0755 -24.0391
-0.0871571 1.40032 -0.270662 26.8406 11.5144 -11.6509
-1.68981 -2.16516 2.48368 -18.9631 -21.0666 20.4894
2.75598 -1.24911 1.08818 2.82607 -15.7004 -14.752
2.41955 1.14687 -0.772101 -12.4209 15.1101 -6.42154
-0.396029 1.55677 -0.470159 -15.6106 12.2039 -26.3339
2.87543 -1.50723 -1.50029 -13.2216 -18.1209 -17.9531
-2.95541 -2.82269 0.0727127 -8.32576 -27.6375 -25.4839
-0.415373 1.64239 1.70404 -17.5182 -20.3398 -4.08801
