-2.17529 -1.73608 -1.34312 -2.35072 17.8597 -16.7724
2.3787 0.678842 -1.14809 21.2891 13.9192 -4.20384
2.77096 -1.06707 -2.94062 18.0753 -6.60938 -10.9337
-0.302464 -1.79662 -2.43748 -7.97172 -3.68458 -24.116
-0.707908 0.531361 -0.0166761 -9.55422 21.2896 -17.6771
0.0760102 -1.50969 1.48945 -2.05656 25.7902 8.98223
0.256118 -2.38052 -2.85246 -17.7353 -10.5479 -24.7394
2.55315 2.5056 -2.46259 19.8381 3.07578 -17.0961
-2.38821 0.18229 -2.19724 -25.9316 17.9609 4.32595
-1.90562 -2.03361 0.830242 -8.59017 -9.19064 -0.663767
