2.242 -1.15524 -0.565627 -12.7097 -21.1026 4.94732
-2.6887 2.40047 -1.23223 4.54923 17.1276 13.3496
-0.275553 2.98187 2.38547 -19.0804 3.72578 -9.76119
1.2629 0.511779 2.41629 -14.7394 -2.12458 -26.6028
1.8525 -2.72561 -2.02307 -17.9283 -15.2591 -21.5833
0.213278 0.784961 -0.472251 2.87879 -2.77545 -13.8722
0.775639 1.20623 -0.69317 -11.7927 -3.93899 16.9993
-2.54022 0.381153 -2.19922 -9.62333 -21.1951 -21.6019
-1.22701 0.164965 -2.99513 -1.88996 19.7409 1.57899
2.3287 -0.490429 0.40113 -9.41697 0.508867 20.6249
