2.19979 -2.58252 -2.60344 19.5983 14.3087 5.24346
0.0158578 0.0489543 -1.31869 28.0885 26.0822 -13.8577
-1.58329 -1.37626 0.353243 6.25391 6.00461 17.8466
-0.546951 -2.58415 1.92405 1.81018 -26.2176 13.9671
-2.96951 -2.41337 -0.435714 -11.3912 13.5305 23.8664
-2.83686 -1.35666 -1.42112 7.46734 22.1174 -3.94763
-2.02733 -1.19764 -2.44923 11.7316 -21.094 -8.26492
-2.76876 1.16967 -1.38975 19.4708 -2.1153 5.0938
2.74981 0.22333 -0.60495 -29.8782 6.49081 27.3405
-2.82209 -0.674917 2.00427 16.1866 1.53143 2.17493
