0.741733 2.92632 -1.43015 -23.5914 21.9645 -26.3349
0.393203 0.912966 0.334386 -0.434287 21.1019 27.8127
0.961289 -2.83016 -2.74035 -25.323 -22.0053 5.62868
-1.65921 -1.86851 1.99668 20.8261 3.10796 8.0688
-0.781209 1.90396 2.61081 -1.42529 -18.2861 -8.53059
-1.53074 -0.0955231 -2.36942 -26.206 11.9614 1.49112
-2.21114 -0.428199 -2.81304 19.5753 26.8395 -15.5255
-0.769913 0.508739 0.755015 -0.635636 -2.52969 -2.62601
1.87554 2.03781 2.6432 -18.7074 11.5945 -8.11967
2.90625 -1.97987 0.0646972 -28.4 22.0301 -2.765
