2.95705 -0.435526 1.53916 29.643 25.5768 25.0809
-0.200899 2.48852 0.249937 24.441 8.29916 -13.8814
2.20583 -1.11577 -2.64225 -27.672 5.1785 3.96668
-2.49016 -1.73212 1.43298 2.31735 23.2344 -13.0558
-1.20199 -0.552726 -0.425278 19.1926 26.7432 -7.60569
-2.04484 2.03554 -0.712059 -6.98302 3.07151 -26.9694
1.80385 0.603657 -0.608801 -10.6807 13.6245 18.9891
-2.34764 0.560505 -0.194547 7.47674 -5.99363 8.72488
2.27343 2.96166 0.101811 9.06869 -20.4164 22.6287
0.512719 0.430595 1.55686 -27.3974 18.841 17.6828
