-0.889118 -0.364263 -1.91457 22.1055 -1.72294 17.0217
2.98967 0.96707 1.39915 -24.021 4.5616 28.1848
0.820947 1.06467 -0.062807 7.98752 28.248 -20.8254
-2.53545 -2.147 2.49261 15.9334 -2.78523 23.4845
-1.9699 -0.124063 -2.76958 29.7733 -6.61246 -19.2027
0.401667 -2.82779 1.59227 -4.20406 24.0593 9.67814
1.96403 -2.8216 -0.402748 -15.926 -10.3171 -0.0577413
-0.332678 -0.724035 -1.05863 26.3081 -2.49165 0.788994
-2.2092 -1.90826 -2.36681 2.92208 -29.2784 5.23576
-0.838946 2.15368 2.07835 25.6663 -7.70537 28.7537
