-1.57477 2.21683 2.82389 5.3388 29.1746 -12.2783
0.413927 1.32681 1.5716 -22.7269 -2.54773 -2.75805
-2.75953 -0.387214 -1.59007 15.2396 -23.404 19.1412
0.848812 1.61843 0.437497 -6.06708 13.608 6.07423
0.189567 -2.11606 0.862982 -25.758 26.0362 -3.13463
0.721959 -1.38326 -2.10969 4.63125 -2.51666 -14.5364
0.668904 2.4363 2.02754 9.62105 -10.1219 -9.79373
1.08044 -1.74062 1.12695 -22.5047 -10.5197 5.95996
-0.659315 0.324251 0.823122 19.2518 -5.81547 22.0635
0.27455 0.505623 -1.21683 7.34262 2.43081 -28.2612
