0.960987 0.370927 1.30525 -23.8613 24.3371 -21.1103
-2.50496 1.60572 -1.27279 6.24072 -14.9908 7.84533
0.832041 -1.89312 0.551922 9.35554 -2.10196 15.1924
1.88881 -1.89677 1.58687 2.74515 -9.92203 17.0027
0.407934 1.27913 -1.82805 -13.3067 20.5911 21.4968
1.78229 1.14231 -1.36826 -23.583 17.3877 2.72183
1.09701 0.384431 -0.270727 -19.1815 -3.23022 -4.27364
-2.80744 -2.51576 -0.708119 0.0500304 -18.1494 -27.6502
-1.91928 1.50942 0.0634661 -26.0163 -10.2896 -1.95547
1.07932 1.37955 0.21224 -21.3747 -25.7471 -29.6736
