-1.9347 -1.41181 -0.176948 14.6986 -0.353887 -22.8955
-0.650002 -1.22586 -0.704538 -13.0691 17.909 -7.98452
-1.84992 0.898932 -0.992985 12.0185 -29.4224 -27.7135
0.317104 1.21662 1.30052 -22.7789 -5.00747 15.6561
-2.31566 -2.6014 0.461401 -29.0389 29.278 2.80912
1.22207 -1.54295 0.10728 10.8784 -19.4384 20.5243
2.47162 1.25452 -0.138814 11.3405 -13.1841 19.2937
-2.01345 0.102061 2.77825 -23.7365 28.611 13.727
-1.52688 -1.75849 0.478108 -1.44085 -24.7167 -20.356
-2.54242 2.47552 -0.911577 -18.3515 2.98642 26.4589
