2.92481 -2.05391 1.53593 15.7328 -2.40584 -11.4525
-2.16627 2.64395 1.20556 6.08958 -24.9607 -9.8162
1.79896 -0.810123 2.82951 10.2444 -17.7859 -25.7977
0.736567 -0.650014 2.91018 -23.7666 -18.8189 -22.9327
1.93604 -0.363766 -0.944772 -17.6626 29.8435 0.289453
0.134292 -1.48154 2.49085 -13.6713 29.3231 2.49114
-0.363624 1.44164 -0.393359 -18.8076 21.3562 -10.7032
-2.64993 -0.7053 0.93639 23.6954 -15.9336 -6.46713
2.42915 -1.86702 -2.03503 -0.00357859 27.2128 -14.5966
-1.49334 -2.87392 1.3785 13.3469 -14.6026 7.46234
