-2.05508 -1.75673 -1.94729 3.25891 27.5239 13.8871
-2.57114 0.450811 -1.1872 -25.4544 25.4611 4.60653
2.91657 -0.717775 0.818749 14.7089 19.648 -20.3673
0.562509 0.0603715 0.746798 7.80387 -22.6876 27.6983
2.82395 -1.0596 2.46966 -5.42014 17.465 2.39528
1.76637 0.0500105 -0.918585 -12.4398 -6.52664 10.0604
-1.63774 -0.73483 1.26051 -17.4856 -28.4757 -11.597
2.87019 2.27834 1.50036 -27.0261 10.9878 -12.5403
-1.96234 0.495444 -2.01739 4.52371 -2.40214 -27.0872
0.106903 -2.28464 -0.341829 18.6891 8.73156 -22.6478
