0.699099 -1.34598 -0.83344 10.5307 -26.3377 6.64057
1.36869 2.03894 1.86192 27.4195 -8.19854 1.65304
2.54536 1.61352 -1.01192 23.7057 -10.4956 -8.94929
0.00949461 -2.88094 -0.560148 8.18113 -2.78566 -18.1167
1.38295 -1.42906 -1.22439 18.5098 2.89713 9.4898
2.46044 -1.07764 -1.23211 -10.891 20.7091 20.1601
-1.25018 -0.559805 0.145093 7.98558 15.532 7.56681
-2.8173 1.72307 0.926793 14.1754 25.1189 5.26388
0.199706 -1.39748 1.49244 12.1305 21.3437 -20.8519
-2.23359 -1.03206 -2.91363 22.8757 22.2584 -28.8885
