2.4171 1.56579 0.761703 -16.8123 -5.38131 28.0204
-0.103113 -0.641844 2.71688 -26.7223 -24.4338 0.541459
1.68444 2.88287 -1.16627 -16.8139 16.4328 -2.18277
-1.6797 2.37317 1.12429 21.1385 -0.445293 -24.8203
0.170788 -1.41372 0.687728 -2.40346 19.1935 16.5084
-0.715152 2.96294 -2.85097 12.9265 24.7865 11.0345
0.212501 -1.11061 0.42525 -3.87435 2.43345 -10.4927
0.0623125 -1.8911 2.84137 9.91229 -10.4526 -0.493281
2.13207 -0.351966 1.42064 -18.7354 -20.3596 12.4882
-0.225707 -2.71325 0.516227 -16.212 -5.95041 -7.78781
