-1.58248 2.32207 -0.0429946 -0.720101 24.5499 12.0736
-0.904167 -0.874119 -2.67573 -6.0483 -1.57698 4.19396
2.77258 1.86089 -2.68606 -8.47878 15.5073 -16.794
2.1776 0.289818 -0.19783 7.34728 19.0851 -27.4248
0.281253 2.82142 -1.39446 21.1282 12.6889 13.1966
-0.796728 -2.81269 2.47125 14.6853 -19.7911 -28.3919
0.18453 -2.01637 -0.927596 -24.3788 -7.44291 23.4392
0.344348 1.47128 -0.237249 -25.495 -17.5624 -0.440184
2.75964 1.04859 2.88407 -15.7961 24.2943 -20.1977
-0.19804 -2.60274 -2.04725 -28.5879 -21.0644 -1.35853
