-2.6199 -1.26193 -0.570307 -27.4456 1.82395 -11.0449
2.74657 -1.31544 -1.1852 -27.7152 15.5437 -18.1213
-2.0191 2.72995 -2.01766 -5.41271 8.72418 4.93628
-1.53074 -0.0813542 -1.59583 -29.5917 -19.6918 -26.8842
-0.230785 -2.25651 1.94527 13.7493 27.085 22.863
2.93104 -2.4812 -2.83954 21.6528 -6.13489 -23.5687
-1.86933 -0.762751 -2.83263 -21.6334 10.5341 14.66
0.239019 1.66481 0.225234 -14.6078 -7.63434 -29.2975
2.24276 -1.17779 -0.0443281 1.01919 27.1695 27.0816
2.34124 1.20517 -2.09677 -10.5836 -17.499 -3.93678
