-0.664496 -1.45264 2.74862 8.42573 -5.02893 -14.5358
-2.98049 -2.70999 -2.14827 16.3264 -29.0308 -26.1334
1.68647 -1.97906 1.17204 14.7779 -24.1079 -29.9706
2.66833 1.16669 0.208294 -18.8875 13.4542 -26.954
1.41135 1.67108 -1.0256 -17.9066 27.1759 3.45605
-2.7834 -2.63012 -1.26234 -0.762559 8.60345 24.7641
2.28598 0.831888 -2.66556 8.19349 22.1224 -23.2189
1.5704 1.84446 2.4462 -16.8665 -14.575 -16.9914
-2.37556 2.6562 -2.15005 -4.55978 18.3085 15.0739
-2.53957 -1.65074 2.09077 -5.29146 21.0924 -26.6508
