-2.73153 1.77343 -1.70369 14.9165 2.53729 5.35983
-2.46617 -0.788303 1.03004 27.7021 -20.4042 2.09964
-2.49155 -0.0256429 -1.08885 -20.5256 -9.65335 -7.10311
2.51455 -2.78503 -2.14592 3.91943 -14.1622 10.9876
1.24302 -2.65742 -2.34885 -13.699 -29.922 -17.6133
-1.05405 -1.67869 2.75464 -9.43212 12.7517 10.0523
0.734693 2.74365 -0.134777 19.9294 5.64981 13.7673
0.711635 2.16421 -2.34815 1.58841 -8.0087 -18.4337
-0.447038 0.969313 -1.0596 -3.7349 -8.46747 13.6628
2.60413 -1.25629 -1.25914 7.28643 -21.0596 -4.30084
