-0.426463 -0.298669 0.838818 0.618232 23.0511 -9.58149
1.88134 2.64756 2.47025 -0.388139 -6.62624 -15.412
2.57277 -0.196131 -0.92392 -0.00318942 -3.3085 -12.8679
-1.26623 -2.48829 0.993963 23.1968 25.7964 25.0486
-1.08823 -0.93057 -2.28708 21.1213 13.276 27.0001
0.435655 0.946405 -2.89479 17.537 18.5106 -22.8643
-2.10753 -2.99087 -2.85381 7.26758 -29.8843 28.7062
2.96969 2.48966 0.307393 12.2406 6.19853 21.5287
-1.05942 -1.8452 -0.894557 -16.8395 -2.50943 -9.32713
1.51699 1.50504 -2.59118 -22.9154 -27.9944 18.1677
