2.70093 1.11484 2.29959 22.9542 0.916517 10.5301
0.0760004 -2.67034 -1.66695 4.38172 3.81623 -26.3714
0.0910004 1.75844 -0.73629 21.0267 -10.7009 6.99997
-0.307168 1.69253 1.12902 -27.5897 5.83138 -29.3728
1.61971 1.32615 2.67509 7.69822 -21.1015 -2.46149
0.530141 -0.43029 -1.49998 17.373 -10.6681 24.8298
-0.0185361 0.740837 -1.30993 16.1881 -9.77775 21.7924
-0.236149 -0.301899 -1.55499 20.1809 -23.5281 -15.0099
1.81896 0.691346 -0.829052 -20.3799 0.284879 -13.6133
1.16831 0.734236 -0.318948 -6.04782 16.4364 3.86626
