0.312132 -1.71467 1.08715 -9.56286 2.49552 -1.67172
-2.67448 -1.87207 2.83624 3.10571 4.6675 -11.6146
2.03263 -1.72882 1.40286 23.7492 -26.1999 -16.8623
-0.331396 0.207955 2.14117 -11.5993 -8.45776 6.42546
-0.08799 -0.581155 0.0845701 -4.64108 -21.56 7.55828
0.630632 -1.35017 -2.4577 21.7465 5.14553 -20.801
0.371416 -2.98812 2.90765 -28.5883 -15.8365 -12.465
2.67266 -1.79532 -2.54735 -17.8745 -21.4 -21.7679
-1.49975 1.23254 2.11618 17.3615 -11.7687 -2.65632
-2.08829 2.95959 2.66534 8.01957 0.144854 -20.141
