2.41961 -1.00605 0.0770111 -13.6774 27.6149 24.2953
-2.85734 -2.53331 -2.66306 19.1348 -1.03858 -18.9196
2.85472 -1.60924 -1.8981 12.0792 13.7861 6.63284
0.767953 -0.297087 -0.618545 3.78782 -6.03456 27.0298
-0.954427 2.469 1.35527 -17.0095 4.67998 28.6988
1.57482 -1.0794 -0.0950639 -9.05146 -6.98989 -22.5829
0.601864 -0.317311 -1.86048 -6.89438 -18.9965 -2.32078
-2.6353 1.1689 -0.629117 1.64848 26.6009 -24.3859
-2.3371 -1.96787 2.6174 20.0745 -17.365 7.0031
1.51108 0.896897 -1.01891 21.1483 18.3629 1.97957
