1.04138 -1.26464 -1.49536 -5.34966 -3.84825 26.3851
-1.20955 2.80041 1.67391 -28.4533 20.4574 19.6385
-0.252468 1.16365 -1.51203 -6.9175 29.2413 24.1749
-0.382191 0.952054 2.83092 -1.679 13.7304 -7.20928
2.5035 0.812782 -0.507005 19.9521 -0.927807 -6.91767
1.78354 0.197034 -0.495655 23.8435 22.0588 -8.71386
-2.8759 0.319429 -2.16905 -21.3063 13.7652 -14.9337
0.0550477 1.40476 -1.30781 -0.876 -22.1293 14.0601
1.6194 -2.68584 0.496819 -10.9894 18.9776 -8.37883
2.99242 -1.75541 -2.44177 24.8112 13.9286 17.6112
