0.191178 -0.182967 0.312157 28.7028 19.6213 23.3707
-0.0170973 -2.14233 1.64164 17.8881 4.85238 -15.0393
2.00715 2.32966 0.691974 -22.8974 -20.4957 -21.5209
-2.64631 0.883722 0.794181 22.9697 25.259 -17.7049
0.716833 -0.523994 2.2122 18.2906 3.37852 12.556
-2.02038 1.71621 0.254038 17.7001 1.66954 12.2415
-0.321422 0.789211 0.58084 -28.8037 27.616 19.0962
0.42322 -0.247865 -1.01354 -19.0259 3.88836 -6.34625
-0.833082 -1.67183 1.34102 4.11696 -20.0037 29.5587
-0.641642 -1.51208 -0.284147 17.2294 6.44499 14.2095
