0.0772792 -0.889442 1.20144 -18.3527 -10.3151 7.4568
-0.788952 0.391017 0.452114 -18.3066 0.626811 -19.323
-1.19427 -0.332319 -0.22083 -4.01537 12.7269 21.3482
1.87584 -1.4601 -2.74105 24.1427 23.1612 -26.1343
0.357923 -1.57352 -1.70817 15.6702 -17.5297 -21.1853
1.58435 2.5653 -0.480523 -24.1046 26.9024 16.4851
0.694315 0.810545 -1.46959 -25.8476 -5.9239 -16.3957
0.206485 1.45129 -2.58965 -11.4355 17.8947 -29.8705
-0.372336 2.53062 0.528725 1.40693 -13.3065 -1.69172
-0.802925 -1.38023 0.392002 12.4654 12.1227 24.0986
