-2.04109 -1.65581 1.6362 12.237 13.7645 -9.11226
0.804268 -0.701405 -2.0563 -10.2465 -17.6796 -22.2455
0.500153 -1.83162 -2.73527 -9.58714 -20.0078 3.95649
2.99533 2.44214 0.227597 24.2722 26.0261 4.11715
1.30153 -2.97953 -1.23244 -16.9545 24.1581 6.31635
-0.186264 1.30943 -1.97294 10.8901 6.95022 -7.22167
1.05252 2.92422 1.18051 20.3478 -13.0029 -19.5111
-0.270196 -2.5159 -1.17251 2.21891 14.8596 13.4714
1.51312 -0.418864 -2.83885 14.4042 -11.5812 6.21158
2.16603 2.9434 -1.57243 6.67782 0.857747 12.5106
