-0.403624 0.352746 2.23592 -24.7774 -9.30805 -26.5948
-0.796255 0.564742 -1.3088 -1.33721 -28.1386 -3.69522
-1.0383 0.233496 2.3571 -22.0114 18.1846 -23.1072
0.439187 -2.84418 0.859554 -5.22788 1.14866 -26.678
0.193496 0.159467 2.1319 -23.0746 0.863101 -9.09747
2.02383 2.93295 1.51628 -24.4843 -3.65836 26.2504
-0.13456 1.67662 2.28351 26.4181 -12.6692 -5.67408
-2.48327 -1.94997 -0.605971 8.69764 -15.2845 -23.8909
2.96759 -1.49369 -1.92522 6.07687 21.8337 15.6235
2.86252 -0.920983 2.21673 -13.093 20.4366 -27.1478
