2.47689 -2.64927 2.99595 20.7518 15.1419 -6.53037
-2.32859 -1.13914 2.0892 14.803 -14.8223 23.1791
-1.47848 -1.85238 0.627146 -28.758 7.42674 -8.66528
-2.73658 1.95238 -1.27826 15.3447 22.5926 24.6376
2.92196 -0.812866 -1.08244 16.4691 4.17643 24.9132
-2.36296 2.25381 1.70367 16.6009 -14.1105 16.7545
-0.552331 2.99293 -1.44289 2.64845 3.32598 16.3374
-2.72615 1.09396 0.711007 -9.76704 -29.8427 3.49312
0.14427 -0.178752 -2.55012 27.6815 -10.5673 -27.7851
2.22696 -1.52966 -0.581167 2.49112 29.784 29.8392
