-2.05714 -0.517496 -0.660255 -25.1288 -24.7662 -7.16458
1.35718 1.20272 0.113028 -24.0418 -25.5502 14.4876
1.72731 0.745525 1.69573 -4.84747 -5.5031 15.5428
2.44645 -1.69979 -0.711332 -17.65 25.6962 24.9828
2.70972 2.06477 1.62186 -29.6073 -26.1286 -4.14394
2.66837 -0.488202 -1.62751 -18.0288 -3.30238 17.994
0.905952 -0.895854 1.19674 -19.159 -8.63374 29.4884
2.4334 0.474643 2.90856 -14.3276 3.25864 6.25968
1.85302 0.332428 1.55971 21.9021 23.0652 25.7757
-1.955 2.93163 2.54454 6.95323 -5.34006 3.77057
