-2.36894 -1.92289 -0.032302 27.1618 -1.70485 17.6232
1.791 -1.25287 2.11471 -17.8251 -7.30805 8.97735
1.58517 -1.29526 -2.6182 22.3569 -6.43324 11.9513
-0.118343 2.43008 -2.57897 26.4225 25.795 -28.8409
1.78282 1.30475 -0.76227 3.30246 -10.0567 16.3128
0.0827991 -0.165479 -1.89403 -4.21657 1.92104 -18.0826
-0.977159 0.506755 -1.4685 27.1029 0.79688 -11.0523
0.43955 -0.270552 -1.60554 -12.2495 -18.2519 -17.7664
2.10674 0.865152 1.53854 12.5566 -15.6184 11.4636
1.97471 -2.7664 2.88109 -19.1522 -24.2482 22.3695
