1.44043 -1.45485 -2.52492 18.7083 -19.6239 6.13171
-1.49632 -0.407418 -0.852373 22.192 23.8737 5.37085
0.953404 -0.34805 -0.172964 15.1026 4.45616 20.7625
0.316481 2.6157 -2.07373 26.172 -4.9501 -20.3533
1.96882 1.86446 0.550459 15.196 -27.0842 -1.46184
2.33344 0.779935 0.269228 -11.8834 -6.00124 -22.6213
1.4014 -0.172458 -1.72331 -28.1401 26.5818 -19.692
-2.20495 0.00270489 -0.546695 19.9763 -5.40033 22.3807
1.16253 -2.96784 -2.5182 -15.0938 14.7048 -12.8961
-2.78213 -0.562421 -2.30755 -5.1743 -8.36928 -14.4039
