-2.38137 0.730955 0.335865 -22.8327 23.7608 -24.7877
-0.384104 -0.270749 2.73781 -8.76471 -5.85703 24.7815
-2.156 2.26557 0.169784 -5.16051 -21.425 -12.7108
-2.62056 -2.44947 -1.98026 10.4154 -13.7385 -13.6438
-1.56831 0.578654 1.00925 27.5774 -17.2585 -7.38824
-0.882566 -0.806357 -1.42936 -23.2346 -10.519 28.5238
0.518697 0.34091 1.16449 -7.10257 12.5108 4.96225
-0.45666 -1.76214 0.544736 13.0466 -23.0133 2.38138
0.620662 -2.95105 0.482433 29.9705 18.441 9.90137
0.0295051 0.0475392 1.89084 -4.26502 15.4104 26.9373
