1.5214 -2.39602 0.627021 -29.2847 -18.2688 10.817
-2.48384 1.42906 0.178723 15.1121 3.41395 -0.678966
-2.82522 2.74234 -0.644395 -16.9044 23.4457 -26.6876
-0.751098 1.47356 -2.02234 0.19193 -4.74977 -22.8947
2.43717 -0.878034 0.761928 -13.7407 0.854885 6.3349
-0.535926 1.19515 2.21783 20.9989 24.0995 -13.4983
-1.72981 0.921089 -2.90297 -7.51394 -20.5528 3.79654
0.506996 0.144311 1.02243 9.08636 22.6615 22.5459
-2.12978 2.11254 2.93421 1.28114 -21.8558 26.192
1.64828 1.20836 0.583944 19.8865 28.3236 27.6286
