-2.59232 0.223688 1.12721 23.3044 -28.3147 -0.956066
2.6347 -0.56506 1.77105 16.1583 10.1098 3.5188
0.518548 -0.438293 -1.26497 -1.20027 8.1501 -22.533
1.49386 0.313888 -0.222623 7.78926 11.698 14.6248
-1.80223 1.2636 -0.00986344 11.6109 23.3097 -1.4645
-0.800068 2.37343 1.176 -5.24528 -22.6807 -9.67748
2.72887 0.88404 -2.19231 -11.9733 23.1792 -27.2514
2.25386 -2.47347 -2.57161 24.0339 4.22959 -6.82223
-0.336773 2.22876 1.75589 29.2021 24.2571 11.9375
-1.75164 -2.37868 -1.8565 8.12345 14.4539 -2.39698
