-2.29147 1.29224 -2.29135 -25.8686 -12.5912 -0.0622371
-1.82037 2.99044 2.94882 29.8693 -9.6682 -5.86096
-1.02369 -0.212399 0.968821 -5.5047 -26.4354 -16.8546
0.611892 2.08602 1.34507 -20.0843 -29.4074 -14.2014
1.01392 2.22027 -0.137422 20.5723 -4.87409 9.29013
1.37519 1.57334 0.573856 -23.2291 -19.3482 -25.3713
2.28507 -1.80233 -2.42285 -21.5945 25.2484 -13.7943
0.51552 2.24599 -1.36298 -13.5805 28.3199 -6.01593
-1.00753 0.416802 1.15741 -27.2068 11.2669 -8.22834
-0.455745 -1.02123 -2.31259 -1.61632 28.969 24.0732
