2.01078 -1.35858 -2.3101 10.8771 -26.7244 -28.7455
1.33658 0.689459 0.933949 26.8637 -27.1513 -27.6071
1.01008 0.829321 0.816881 7.85298 7.91422 29.8547
-1.6712 -2.85397 -2.15016 -1.4894 -4.57906 1.96757
-1.74628 -2.00522 -1.10592 28.8126 -21.3209 6.66524
2.73111 1.00117 1.64365 8.3526 8.03821 -24.1588
2.32004 -2.1417 0.874331 4.77193 16.8719 -19.5255
1.29734 1.02963 -0.478087 -25.5691 3.28708 28.2118
-0.909018 -0.877397 -2.48363 7.07311 -26.1084 -25.7215
0.987139 1.46952 2.06013 -19.4415 -10.9121 7.35845
