-1.18974 -2.52759 -1.59456 24.6392 -3.885 23.8296
0.544634 0.29982 0.935962 -5.47703 -25.2914 -21.8819
2.4066 -2.79105 -2.04433 -8.03277 10.3352 -22.1689
0.455353 -2.70735 1.74738 23.0857 0.424643 -6.09478
1.23386 -1.96224 -1.12348 24.5069 8.21405 -10.7789
-0.865158 -0.787944 1.49347 15.1058 -8.23186 21.7143
-1.43022 0.713624 -1.97024 14.2687 23.4396 28.0306
2.65566 0.805737 1.41897 -7.99603 20.2699 1.8426
-2.35895 2.22328 -2.07436 -0.471464 12.6318 -6.23554
0.236689 -2.97208 1.56505 -17.8289 -24.6823 12.3754
