1.54559 -2.78111 2.59591 6.99262 10.1589 11.3411
-2.0755 0.39053 2.16792 -26.2919 -18.0083 26.9507
2.3107 1.57366 -1.25636 22.2884 -4.53529 21.5332
-0.290087 -0.433568 0.509752 -15.5608 0.856011 -14.5486
-1.69864 -1.91287 1.9212 21.5785 20.2946 -5.21244
1.72897 -2.27345 2.82816 20.9609 -14.6527 17.5804
0.64522 0.837219 -2.93481 -23.376 -2.31296 -0.484535
-0.543954 2.79137 -0.677484 25.5567 28.619 -9.34886
-2.10881 -2.63326 1.41486 -13.5705 27.5618 -29.784
-1.90071 -1.64227 -1.8219 -5.05638 -23.0587 9.86547
