-0.620891 2.38528 -0.224853 27.3802 -1.65959 26.2148
1.7069 0.042646 -0.827704 20.8528 18.3958 18.4075
1.6211 -1.40243 1.19034 -4.02435 13.8493 -9.01665
-2.68413 2.09357 0.670798 13.6792 3.77285 -11.2059
-1.62111 2.04458 1.89003 -23.5688 -15.9984 -29.3454
0.883892 0.344913 2.50408 27.6751 -21.0151 -4.10812
-2.10436 -0.493603 2.06546 -26.592 -3.26919 13.4592
0.661866 -2.21349 -2.26235 -25.1576 14.7006 -18.5201
-2.84185 -0.610641 -2.5767 29.2742 -5.77261 5.2498
2.08027 0.982863 -1.83617 -10.6804 29.2568 -1.72699
