2.60939 0.733949 2.73344 -0.605051 13.6659 -21.093
1.91889 -1.91432 -0.315289 -12.3894 1.67365 26.0858
1.1081 -0.136816 0.304635 -4.74907 20.7594 20.984
-2.53269 2.29356 -0.082356 -24.1303 -6.82248 24.2877
1.73911 0.861576 -0.617911 -6.70487 13.233 27.179
2.31937 1.20348 -1.01046 0.565019 27.9281 -22.1828
0.394578 2.81424 -1.4724 -1.14668 21.8943 8.22896
1.98376 -0.942962 -0.606493 22.0916 7.86396 8.65461
-0.345952 -2.78209 0.297571 -19.1127 -15.4685 25.9531
1.82502 2.98591 0.130248 26.9308 -3.03883 16.6951
