1.17262 -2.09098 2.95908 5.16193 24.1741 11.5945
-1.01279 0.654834 -0.400304 2.8094 28.8806 17.653
0.710311 1.90566 -1.43507 -15.9727 -22.5032 25.9998
0.823822 2.58057 -2.72946 15.0106 -24.5887 -9.24021
-1.17817 1.47128 0.922734 -20.5484 -22.4303 -20.3036
0.0763472 -1.8312 -0.606155 26.0698 14.9728 -10.2832
-1.03375 -1.10851 -0.464118 22.8867 3.73538 -4.97457
-0.300351 -0.754577 -2.49875 -17.2344 -13.5754 -7.29673
1.54835 -0.0439613 -0.188642 18.6201 -11.8264 6.65732
2.86387 0.831646 -1.86151 -2.02549 23.3967 -17.2146
