0.798826 -2.83341 -1.05161 -21.2407 22.7496 26.6449
0.665819 2.20194 -0.262075 -24.4696 5.19518 -11.1922
0.940206 -1.74934 -2.18218 24.2987 3.07582 21.3365
0.502582 2.15678 1.23943 -26.337 18.407 -13.8851
0.19821 -2.26541 0.784842 -29.4499 -15.53 -3.49878
-2.37156 1.95397 1.77371 -24.7666 -20.828 21.2549
0.38694 -0.712092 -1.40229 -10.5909 3.14986 6.04605
1.62853 0.471283 -2.13187 26.973 -21.8075 2.96199
2.8772 -1.93088 2.16166 -13.1215 10.367 19.9122
2.6473 1.15558 -0.949805 -18.286 -19.2048 26.7202
