2.97382 -2.1285 0.241887 -3.77582 2.54291 -15.108
-2.94275 0.210227 -2.92027 26.2465 3.28707 11.686
1.4678 -2.02697 -1.60014 14.4998 9.02774 18.9004
0.101938 1.73044 -1.28729 -6.95705 12.0671 -21.3344
-2.36195 2.24056 -0.199786 -5.55283 10.5066 -19.1283
-1.42794 -1.20828 -0.00717976 -7.31793 -9.1318 -19.5644
-0.65507 2.46036 1.65665 -5.45974 22.3554 -17.5016
2.47113 2.15078 1.4855 21.74 -13.8845 4.95968
0.896473 -0.152993 2.65176 29.4828 21.6139 -24.9462
1.50044 0.313065 -0.959989 -0.206567 26.6489 23.4263
