-1.73784 1.04205 -1.06251 13.5989 16.4727 5.62743
0.725404 0.666611 -2.33513 20.3313 -3.32672 -10.8237
-0.727262 1.44341 -1.31928 11.0663 27.766 -28.8115
-1.65233 -1.53486 -0.840569 18.9157 -7.11917 -8.26664
2.67276 0.616772 2.16301 -19.8633 26.1888 -29.0612
-0.585527 1.55124 0.680727 -23.5927 11.5723 29.1189
-2.74215 -2.48808 2.90513 -14.0713 -3.61865 5.39019
-1.16739 2.5266 1.30906 14.4048 -4.9746 5.83741
0.123989 -2.16147 2.12986 -1.75148 -16.7682 0.335542
-0.52009 2.19013 2.63093 17.8458 -4.35762 -8.5136
