-1.99278 0.716935 -0.130014 17.1679 13.531 -22.8791
1.57097 -0.928876 1.08766 -18.862 -7.25749 -20.9141
-0.366676 -1.46231 0.120907 -2.65873 17.1876 -11.4476
-0.539933 0.720792 1.18227 -4.46397 -6.74724 -14.9543
1.11099 -0.936963 1.1464 10.9241 24.3315 -29.6698
-1.82354 1.05152 -0.91366 18.9305 -13.1924 -17.0659
0.635521 -1.23778 -0.797905 29.988 18.3814 -12.4364
-2.84916 -0.117979 1.18883 -4.35133 -14.4767 1.79463
-2.62128 0.759376 2.33554 -21.9883 3.63065 23.0597
0.0283755 1.72307 -0.87916 -16.134 -16.6673 25.4663
