-2.41773 1.99937 0.507988 -2.38249 -11.7487 -19.8175
0.59499 0.973648 1.37025 -20.3158 -7.75226 -2.99862
-1.01288 -1.25575 1.50518 -1.79634 19.9689 -8.4625
-1.56986 -0.331686 1.59053 18.1491 -10.9232 -26.5619
2.92026 -0.36446 -0.031346 -3.5024 17.417 21.8985
-2.72955 -2.30799 -0.18808 26.4296 18.0026 -19.318
0.514166 0.244784 2.85123 28.5671 -10.7219 -6.62327
1.20635 -1.52591 -0.400969 -24.8516 -9.28546 21.8227
2.44183 -0.159788 -0.361897 13.6958 -3.48491 -14.567
0.047866 -1.28578 -1.94241 15.7146 -28.4821 -10.858
