-0.787734 -0.130492 2.67814 -23.1718 -27.7108 -16.2625
0.592686 2.54407 -2.13355 -14.3942 29.2045 -2.01205
0.711128 -0.291916 -2.79175 1.21495 -14.4066 19.0742
1.14572 -0.0832677 1.46017 -23.7418 -3.09881 24.0439
-0.190189 -2.98986 0.170572 6.81151 4.452 0.94317
1.76295 -1.38417 -2.15809 -26.8918 7.8496 -11.2206
0.19097 2.24727 1.01848 3.80422 21.8187 -15.337
0.52328 2.4864 -1.23681 3.59519 -13.0587 2.79129
0.784099 -2.79119 -0.536614 -23.0681 8.98642 18.4849
0.843704 -2.91428 -1.94539 -18.0477 -17.9603 -21.9466
