2.95344 -2.54478 0.411357 -17.7574 -8.45094 -15.3611
-2.269 -0.530078 -1.6726 20.8247 -5.53508 -20.5047
1.07105 0.856239 -0.194953 15.5809 -25.0695 -20.0913
0.384928 1.41349 -2.08495 -9.18835 12.4935 28.6126
-0.394542 2.89164 2.02569 -2.00609 22.9268 -1.77918
-2.98165 2.34315 1.7858 27.5973 2.64793 -19.8067
2.3703 2.90007 2.82451 -21.3162 -21.2947 21.8676
-0.415125 0.614336 1.3431 17.4585 16.2999 -20.1214
0.423051 0.0243198 0.16804 -21.4116 12.5424 22.57
1.13261 2.50512 2.43671 28.0574 -1.61854 -7.10823
