-0.531552 0.436036 -2.03625 -20.2339 11.6956 -15.3527
-1.98918 -0.443839 -0.410657 6.59398 26.3623 22.7044
2.96505 -0.577449 0.218027 -9.67654 -11.923 -17.8914
2.55622 -2.03563 0.292271 9.29164 -2.62995 -5.11359
2.60077 -2.84078 -2.93836 -11.0021 1.29073 18.9061
1.3605 -0.780822 0.233279 -14.5114 16.4562 8.44663
0.539119 -2.39232 -0.6131 15.3836 7.58779 -17.4056
-2.15673 0.650848 -0.744049 4.0997 -28.6257 28.1694
-1.17508 0.479633 -0.0435842 28.3398 7.13238 21.5018
-2.59182 2.71146 -1.5795 12.4275 -10.7907 -7.48149
