1.95276 0.0742955 -2.59668 -3.62875 -4.9499 -8.8628
0.961267 -2.64841 0.327773 -18.224 -21.0555 29.3907
-1.68819 -1.49662 0.628333 18.6896 -8.91416 10.2779
-0.608905 -2.14233 -2.55295 20.258 29.7562 3.39426
-1.8495 -2.61409 -2.88694 -18.6383 -6.91092 5.92406
-2.87966 -0.458324 0.0678856 8.61989 14.495 2.18886
0.330425 1.30646 1.42341 4.68955 15.4085 -27.3268
-0.994653 1.81535 2.36658 -18.0378 -21.0583 -5.8728
-1.60793 2.64702 2.26204 19.4054 11.051 3.65424
-1.64751 1.00147 -1.40529 -1.27486 19.9181 21.7942
