1.57309 2.61825 -2.62137 9.15366 28.3842 -25.7767
-0.296397 1.63535 1.69815 -26.7165 -15.5479 11.918
-2.50821 1.81943 2.60174 -16.7033 22.8587 -0.724349
-1.35297 -0.294125 1.49242 -25.425 -28.6685 1.52471
-1.70391 2.12563 1.17538 24.9663 22.6288 11.7739
0.464667 -2.43372 2.97002 -29.0263 12.9805 -4.25522
-2.94836 2.31364 -0.282476 -11.5806 17.5649 -9.33234
-1.62476 0.902793 1.56116 13.0598 -19.3893 13.5062
-2.10182 -0.576256 -1.33503 1.31338 7.73237 10.8559
2.57416 0.204463 -2.95409 -20.6361 17.1267 17.3254
