1.59293 -2.36591 1.2516 -21.3904 -27.5079 21.0638
1.36496 -0.458021 2.76652 24.3721 -27.0465 -14.5171
-0.218376 -2.86193 -0.0698163 -10.0236 8.36936 -23.0029
0.8262 0.688248 0.50256 -27.9625 -2.43574 14.0854
1.94327 2.3774 0.0266154 12.3515 -28.8793 -7.76423
-2.33993 2.05507 -2.06476 -4.24798 -19.694 -24.4936
1.00988 -1.71782 2.78764 -20.5264 -12.445 -22.7892
0.309463 -1.20174 -1.98013 26.1904 -28.6247 -2.10488
2.06222 0.138592 1.64322 14.0336 -24.738 -23.294
2.62737 2.75882 -2.14507 16.5721 -29.386 -9.44102
