1.90247 0.169199 0.387781 4.65415 18.9068 -17.8685
-2.83626 -0.701659 -2.69052 -22.4273 5.6529 -28.5868
2.29704 2.19522 1.56217 19.4602 -21.7376 15.9047
1.50682 -0.991602 1.05492 -22.5523 4.33767 -18.04
1.29708 0.00338125 2.63779 -0.410286 -18.3199 -24.5221
0.732084 -0.778837 2.12265 -8.63362 -23.8443 11.9717
0.431031 -1.36116 -1.51676 26.0741 -14.7112 -17.6462
0.11653 2.27181 -1.12627 13.8953 4.27269 28.0129
-0.914794 1.14409 -1.91855 -26.6392 -29.3199 20.7766
-2.17841 -1.0841 -1.34167 -11.0932 -19.3831 6.82012
