0.890458 2.40257 -0.572734 11.2478 29.2626 26.3606
2.24654 -0.214877 -2.9524 -24.5656 -1.76028 0.894701
2.26836 -2.89469 -0.148464 -16.0529 15.0089 -10.8495
-2.98227 -2.73291 -1.25462 -28.9438 -25.3944 25.5033
2.23384 2.70583 2.31908 -8.27702 -14.4999 -14.7634
1.99529 -2.98068 1.76388 24.5403 -21.7356 -28.0443
2.14719 -0.242484 2.23757 -13.6538 0.855013 6.32964
-2.53026 -1.77906 -2.9205 -24.7731 -24.8882 -2.21669
-1.41997 2.53506 1.56796 -6.9775 17.8148 7.20763
-1.35646 -0.532231 1.18884 20.7625 -3.78289 -19.5515
