-1.03416 0.0430068 2.29982 29.1484 3.5461 5.92624
1.85712 0.391158 -0.127147 -29.1674 -13.8065 16.4159
-2.50986 0.366773 0.840134 18.2705 -3.97648 21.1239
-2.42582 -2.58411 -1.77896 23.5963 -26.3396 -20.0605
-0.219209 0.389019 -0.962398 3.02194 10.9557 12.7523
-0.0624001 2.4413 0.752053 21.062 12.2093 -4.3948
-0.624904 0.524779 2.82873 13.1384 -21.5023 26.7572
-0.618426 2.36337 2.53546 -20.5847 -13.3917 13.8965
-2.73925 0.395405 2.56773 -21.2351 -15.5125 -4.65088
-2.36493 2.62319 -2.24032 -25.2363 8.64253 24.2591
