-1.75123 1.32231 -0.401709 25.9625 -1.39498 19.1118
0.250245 2.03533 0.00779747 27.6119 -7.91654 -26.3842
-0.285055 0.616557 2.76769 6.17208 3.02107 4.15238
-2.68397 -1.10746 1.32692 0.755841 -25.2262 15.1113
0.344434 -0.920722 -1.82676 -10.593 -3.01606 0.998541
-1.37292 0.979519 0.106655 17.6125 16.8286 24.7808
0.387018 2.83691 -2.68593 16.3166 18.4905 -27.0239
0.854156 -0.810125 2.14639 -25.0377 -11.912 -11.7081
1.00653 -0.899121 -2.61451 2.34137 6.01127 -18.5911
2.0257 -1.59765 -0.105329 -0.865365 -1.65606 -27.2225
