2.22842 -0.52143 -0.381746 -8.79176 -17.2766 22.1178
-2.95985 2.7123 0.651936 9.24192 11.7011 27.4875
1.43747 -1.54418 -1.70423 -10.5684 21.8798 5.01658
2.64056 -1.58021 -1.80013 -22.8988 17.3672 -1.52285
0.0665176 -2.51187 1.63922 -16.4447 -9.45146 19.315
1.67144 -2.03324 -1.44247 -13.5494 -9.34183 -2.01385
1.52582 0.747841 -1.05199 10.7062 -7.05836 23.4766
2.61115 0.3258 2.88502 7.60424 -17.4629 18.4632
-2.76008 1.11071 2.98984 -8.95641 -5.14095 7.58624
-0.156074 -2.9687 -1.12492 -25.8048 -10.9716 -11.3589
