-0.480652 2.83779 0.642226 7.35795 2.05097 13.988
2.88659 1.88023 1.27135 -6.79239 -28.9793 16.1513
-1.80773 1.14802 0.103927 21.3698 16.2906 -29.5243
-2.41006 1.10795 1.51634 24.9179 14.0129 19.0994
-0.75875 1.07717 -1.45563 27.3675 -28.2981 -22.4634
-1.28605 0.28798 -0.216324 27.6717 20.5721 27.3502
-1.56472 0.541346 1.99157 15.1557 -8.83571 23.9508
0.113276 1.12289 1.88258 0.874292 12.5328 2.90456
0.981746 -0.855965 -0.530117 27.933 -27.7906 -1.02152
0.303663 -2.21542 1.97336 21.9789 -29.6476 -26.8705
