-2.94502 -2.99711 -1.61989 16.518 -20.6269 -16.0502
-1.90187 0.863817 -2.19709 18.5484 -17.6529 27.3938
-0.0260751 0.18252 -2.69896 22.1536 -29.1383 -11.9739
-2.09378 1.03197 -0.282334 -24.5888 -28.0307 -1.40975
-0.0375085 0.00288016 -1.56179 23.5511 -6.53906 -0.680018
2.03717 2.93273 1.45009 -0.616451 -6.22013 -29.3753
-2.24714 -0.749731 -2.12261 23.0031 -12.9592 9.19894
-0.783643 0.653571 -0.514512 29.4234 22.3536 -18.5729
-0.679601 1.35647 -0.0414152 -28.9709 -17.3294 -16.9023
-1.17041 0.300738 0.303909 -3.94078 10.555 -2.08432
