-2.06384 1.61518 -1.00568 -23.8704 -13.1446 16.9176
-0.904393 2.44289 -2.61155 -28.5366 -3.24924 -15.7806
1.02443 0.239634 -2.77932 -18.3193 -17.5952 22.5461
2.39046 1.51732 -2.83838 23.4885 1.82646 -12.2997
-2.24203 2.6967 2.59602 27.982 15.7307 -12.5126
1.55645 0.368753 2.85282 -2.64503 17.9296 -1.38982
-1.90344 2.81099 -0.759385 24.6509 -27.6415 4.77363
-1.94816 -2.58698 0.111082 14.8529 -10.1313 -4.93075
-2.33828 -1.88236 2.17796 -11.7636 24.5638 16.0843
0.634278 -1.87026 0.307725 -25.8664 -15.5708 -6.29103
