-1.03694 1.31635 -1.46286 2.14623 -8.54499 -25.1225
0.237052 -2.47015 2.4328 -17.5831 -27.1052 -28.459
2.24441 0.438798 2.41978 26.6529 21.7002 -20.9175
-1.68042 -2.66439 1.91079 20.5216 -14.3701 -16.5065
0.309897 -0.774499 -1.79718 -0.215241 -24.549 -7.57167
1.00927 1.5779 0.193799 22.2048 23.7468 16.6758
1.99785 -1.47956 2.72834 -6.36553 24.8238 -15.4278
1.17739 -1.26525 -1.19798 15.6276 13.9939 29.4444
-1.81532 -2.94753 -0.802275 5.69119 -11.9738 9.84975
-1.40661 1.33966 2.6828 -14.9245 -22.8365 -27.1315
