-2.482 -1.23718 2.66314 9.1292 3.39201 -14.873
-2.6747 1.35997 -2.09963 25.0405 15.4736 0.724079
1.47274 -2.51543 0.34341 -14.9468 -26.9828 2.98341
-1.44515 -2.58917 -1.77689 -21.9274 -28.5872 16.4241
-1.29184 -2.03558 1.95759 -14.9134 19.7062 -13.1983
-2.3414 0.35872 -1.43585 9.20478 20.5747 21.1262
0.543105 -1.73467 -0.554165 29.5221 -4.21925 -9.32587
0.123387 -0.0127938 -0.50193 -9.1463 -4.17401 20.7791
-2.71093 1.148 -2.88286 2.04336 -23.3017 -12.1483
1.98511 -0.240069 2.1256 6.03195 14.4205 -24.0306
