0.831145 2.52786 1.33952 23.9494 21.8295 -16.3223
-2.89291 -0.590848 -2.17906 5.56196 -19.9857 -2.60664
-0.819579 0.318142 -2.3933 -26.8621 22.017 12.2312
0.531779 2.59162 2.19802 12.1674 0.626501 -24.4835
-1.24568 1.42354 2.49891 18.6488 -24.1186 -19.9658
-0.836476 -0.493537 0.231733 5.53301 -10.2117 -25.3218
-2.72755 0.802793 -2.5938 9.33215 -27.1485 14.7285
-2.89725 -0.0248083 1.41467 19.8541 10.4137 -12.6411
-1.44312 -2.69314 2.23412 17.9026 25.2893 -29.2161
0.498344 -2.06949 -1.20042 -22.7633 10.0878 14.7109
