-0.686566 0.150185 1.56275 -1.7789 23.2718 12.7753
2.4782 -2.3852 2.63891 -27.2969 19.4968 -24.176
-2.92968 -2.20117 -1.99872 19.0011 -10.3899 -15.1785
-0.441382 -1.12041 1.65569 18.045 -24.5723 -16.721
1.59528 -1.83007 1.06431 24.9562 28.6403 22.086
1.5071 -1.92553 2.79454 17.1967 -21.4106 -13.1352
-0.478427 1.86161 1.00257 -18.8845 -22.7969 27.3445
2.22227 1.86775 2.52762 -13.1367 2.56599 2.70451
1.68384 2.82627 0.0306309 -3.53125 5.43122 -10.2639
1.89555 0.800291 0.564862 -24.0507 21.1488 14.0394
