2.93586 -2.09083 2.5671 1.19256 5.54545 4.21218
2.348 -0.594321 2.02822 6.42857 0.520306 -29.2651
2.93495 -1.70505 -1.09739 26.7322 -19.8362 21.3158
-1.60567 2.0221 0.837385 18.6912 10.0129 -15.8586
2.68525 -2.06598 0.384589 28.0548 5.49579 -21.548
-0.637549 -1.90582 -1.61851 27.9037 9.47278 -25.296
-2.43479 2.41876 -2.67291 18.4948 -14.6988 -11.4907
-2.8843 -1.51913 0.489308 -18.3859 28.9434 24.6336
-0.94356 2.42733 -1.85018 -4.72499 22.6206 -9.08736
-1.41233 2.77211 -1.05002 -25.7115 -16.7957 8.54583
