2.38617 -1.08026 -0.452522 3.82207 -19.8398 2.039
-1.77336 -2.61988 -2.65103 -13.8451 17.0055 -8.30824
2.98975 1.17641 2.58074 -27.1119 -1.44323 22.2601
0.73537 1.33087 2.12145 16.3306 -14.8803 -10.4388
-2.0304 -1.74218 -1.62396 11.9814 24.7803 -5.93185
-0.21115 -0.549148 -1.04101 10.3778 -18.3033 -10.3199
2.46341 0.0130365 -1.81993 -3.70672 8.16568 -19.6553
0.204833 1.56403 2.45466 -14.373 10.5061 1.1711
2.72284 -1.78276 -0.31796 16.2753 0.287426 14.0449
1.92275 -0.726619 2.42707 16.7711 -7.98223 -17.0519
