-0.331796 2.2956 0.914322 -18.6566 3.58789 5.15754
2.20862 2.27391 2.03262 22.9053 0.63295 19.2567
-1.57636 -0.0844463 1.62192 -16.3617 14.9436 0.26381
-0.61545 -1.69689 1.47017 -6.13962 -15.2435 -6.82654
-1.71384 2.35507 2.5296 1.555 25.4967 5.99441
1.99777 2.90768 1.67823 -10.6372 -8.41444 -10.4791
-0.680467 -0.136964 1.406 8.15967 14.3351 12.1844
0.264403 -2.4666 -0.754436 -10.8314 16.0534 13.8851
2.04247 -1.20825 -0.946806 12.5938 15.359 -7.39054
-2.79718 0.501585 1.69033 2.38064 10.7574 9.44473
