-1.95513 2.51721 2.86168 28.0765 1.50177 -14.43
0.405379 -2.84758 -1.27874 8.4669 -7.8369 -23.6486
2.89944 -1.00449 -0.77853 -8.84721 2.21612 -10.3453
-1.75785 -1.91806 -2.78216 10.9327 -1.20938 -12.324
-0.157233 -0.0816024 1.52337 27.233 5.63348 -3.49581
-0.180391 -1.53658 -2.10707 -12.2037 28.0572 -11.1793
2.76582 2.38872 -2.01642 29.2523 12.1687 16.3191
-2.75841 -1.22641 -2.0928 10.6526 2.58378 -25.6039
2.33932 -0.415712 -2.15109 24.1832 25.2443 22.9629
1.72562 1.94029 1.2905 -28.5976 -13.6973 23.2025
