-0.0384272 0.474724 0.876956 12.4947 -19.2825 -25.9732
-2.07019 0.735813 2.65727 -20.3567 4.29701 -29.382
1.48305 -1.85586 -1.42391 16.5318 -10.6584 -12.7555
-1.20904 -1.31498 -2.96056 -25.4163 21.9411 9.65973
-2.85343 -1.84853 -0.685555 6.894 -20.0087 -23.328
-2.90358 -2.56296 -0.488 -18.0952 25.8672 -1.55552
-1.92478 2.83267 -2.63417 -0.216481 -26.4033 25.5907
-2.64854 -1.98975 2.97167 -10.1084 20.7425 9.15188
-2.47317 -2.71468 2.03786 10.6428 21.8618 -28.609
0.684507 -1.46198 1.42556 18.3928 18.5009 20.9442
