0.980437 -1.31487 -2.42544 -8.41218 -16.0795 9.58622
-0.884071 -2.95353 -0.799191 -19 17.1337 14.7617
0.988837 -2.45953 1.24474 25.0558 15.212 9.07432
2.57669 -1.58764 -0.60015 -5.3125 7.05434 15.899
1.95615 -1.91356 2.40421 -24.8758 -0.822032 12.0761
-2.09178 1.00164 2.90365 -26.2848 -26.0827 0.121026
2.96698 -2.33453 -0.453112 -6.05348 2.46759 2.23468
-1.68587 1.87196 -1.8262 -23.9086 23.5918 -8.01764
-0.427717 0.61872 -0.851519 2.03744 -28.4915 28.6134
-1.37164 0.265962 -1.35571 25.2875 -11.6784 -5.2708
