-2.73867 1.42247 0.438929 -5.09183 -22.6404 28.9343
0.807036 2.09513 2.18869 -22.9323 -25.146 -0.384721
-1.28944 -0.914135 -1.7208 8.01591 9.47909 -17.0346
1.50344 2.30679 -2.25296 12.64 19.943 1.12692
2.31769 2.76256 1.95519 3.0784 6.75246 -10.8547
-0.868565 0.269208 -0.578556 11.0495 15.5726 -8.42155
2.95608 0.333736 0.369557 26.6307 -11.8297 -8.40291
0.712983 2.27437 0.0587315 23.2727 3.33837 6.84854
-0.317933 1.14887 -2.05581 -25.3408 14.7658 -17.2864
2.88911 2.42424 1.67044 -20.2042 -13.777 -6.49784
