-0.513999 2.3021 0.155061 -1.18348 20.8438 20.1703
-0.691569 1.49536 0.359568 15.2899 -13.7916 23.1682
2.0834 -2.26911 -2.82989 -4.18972 -26.8901 -17.249
1.57291 1.6791 -0.221925 -5.70437 5.251 -1.50191
1.00024 -1.85741 -0.445675 22.5161 -9.88756 -23.4109
0.484043 -1.20132 1.44373 29.2116 11.7384 20.0364
1.89272 -0.706418 1.65796 -19.3527 -2.55458 16.1912
-0.416963 -2.76753 0.826743 10.7782 4.81587 -11.518
-2.31869 2.82203 2.25581 25.9262 -16.027 -14.3095
-1.78197 -0.944524 0.144276 29.5976 1.427 -13.9345
