-1.66666 1.6125 2.86909 -27.5381 -11.6347 4.59557
-2.00628 0.971339 -1.91762 4.45221 4.83822 27.8339
-0.566115 1.78699 2.07932 -26.6902 -12.7598 -12.4156
1.21023 -1.78112 -1.66618 27.0003 -1.91932 2.76449
0.645533 -2.56305 2.66582 29.3851 -14.4034 -24.0697
1.19161 -1.39398 2.08437 -9.1896 4.15865 -5.30288
0.424837 1.65389 -2.31607 24.629 -11.3204 24.7487
2.24339 2.7808 0.725227 7.7917 15.9669 -4.53446
-1.99638 1.08948 2.18067 0.406976 -10.7953 19.8756
2.86479 -0.313306 -2.71811 9.16429 29.0409 29.5493
