0.00674782 -2.61919 2.87592 9.85535 29.3736 -29.3416
2.55184 0.62858 -0.545295 22.7142 -4.87402 -15.1357
1.32079 -2.45944 -0.983257 -16.0071 5.40588 3.10092
-2.65268 -1.67555 -1.2589 18.2162 4.79958 -24.5837
0.233063 1.57243 -1.35157 -5.94003 28.409 -11.8886
1.82653 -2.53191 2.57462 24.3452 4.53263 5.80802
1.79522 0.692381 -1.51649 -21.7244 -28.9052 -6.91221
1.30752 -0.223771 -0.524857 -23.002 22.2154 16.1331
-1.00117 -2.49483 0.453409 1.75957 7.68174 -21.8149
2.40122 1.19571 -2.27608 -4.78662 26.6215 16.3711
