-2.34105 -2.98726 0.541102 -24.5644 0.522349 -22.5171
1.7799 0.878669 -2.86157 26.4403 -21.6001 19.5426
2.18928 2.41753 1.2938 -9.16555 12.7046 -7.53345
-1.97043 2.7755 -2.94685 -25.1515 1.28002 19.9158
-2.5634 0.314716 -2.59951 18.5613 27.3057 3.39053
0.330669 -2.59286 2.28487 15.1964 -21.3573 -12.3074
-0.83066 1.81912 -1.44214 -25.8502 10.6063 -5.86607
-0.442763 -0.0203303 -0.613792 9.93119 0.0827711 22.9318
1.62125 -2.41436 2.20806 -26.5846 -0.965558 -29.7055
-1.71486 -2.44033 0.8082 -17.7405 24.7041 26.7693
