2.35713 -2.57298 2.01122 2.17508 -2.43764 -4.9705
2.16305 0.708792 -2.52344 -23.9044 10.3804 -26.9916
0.226762 -1.22305 -2.2501 28.5227 -24.4101 8.25845
0.0515359 2.22746 2.30379 22.897 26.7382 -10.5475
0.0682936 -2.72512 -1.16908 -23.6732 22.8842 14.1128
-0.491826 -1.17165 0.745482 -5.2186 7.63483 -23.5721
1.48471 -2.81795 -0.872154 27.9088 -25.7985 15.5985
-0.721416 -2.92127 -0.892342 23.4947 19.2765 -26.0872
-0.505287 1.64818 -2.26966 -28.8983 -16.2218 23.6472
1.56779 2.03495 1.95905 24.3385 -3.9854 -8.02741
