2.00813 0.138289 -1.62476 7.49319 -22.0297 17.3839
1.12047 -1.63672 -0.0625937 -13.9858 -29.0679 -13.3628
2.41202 -0.900181 1.16513 -10.0323 -1.9329 -21.9771
-2.72678 -0.862456 -1.56195 -25.3184 -26.8251 -2.15684
-0.180356 1.50359 -0.29031 -22.9344 14.7465 -20.6723
2.82009 -0.0801034 -0.218616 -0.0396187 -4.30981 21.0773
-1.18433 1.75164 0.15817 -24.0742 -25.2257 7.18822
-2.99427 -2.48612 -0.466619 16.0385 -10.1327 20.6149
1.62659 0.855243 -1.53297 -11.224 15.3697 9.98822
-0.947804 -0.8276 -1.47516 3.64012 -1.24433 -6.33462
