1.96026 0.774014 -0.0278113 6.4585 -18.6549 -2.7894
2.97424 -1.16664 2.34629 13.1835 21.9338 -6.76473
0.479841 -0.791542 -1.18879 28.1373 7.86967 21.2723
2.28003 1.54599 2.14642 9.32759 15.869 8.81236
-1.24036 -0.57312 -2.85485 -28.1724 -28.7584 9.58943
-1.02641 -0.555333 2.72786 -7.29062 21.958 3.44134
1.94739 -1.8664 0.648038 -6.37779 -29.252 16.4675
-2.35457 -1.3232 2.22094 29.297 -5.57576 -5.79952
-0.773868 -1.92621 0.929416 -14.4927 10.0264 -12.4378
-1.48637 2.94333 0.899252 -13.6675 10.0213 1.46787
