-2.42262 -2.40639 1.44472 -15.4049 1.95663 -18.7949
2.85149 -2.66304 -1.80589 -0.29076 -1.92032 3.87619
-1.39962 1.31903 -1.86581 -28.2512 7.71626 15.0683
0.665621 2.45956 -1.38471 10.9213 -4.83995 3.84478
-1.75784 -2.61846 1.88388 -23.5832 27.774 18.4472
0.970747 0.232905 1.93993 -3.72857 18.5128 -20.9852
1.77351 -1.65747 -0.101412 12.0341 -3.31557 19.6962
0.420284 -2.66176 2.43139 17.2016 -18.8137 -10.2837
0.689587 2.15759 -0.0915399 -28.9784 7.90764 -15.0141
-2.83029 0.709762 0.862724 -24.9212 -22.6543 -16.3028
