1.3871 0.870535 1.89946 7.10524 -11.3903 11.6422
0.00499838 -2.56799 2.45817 -12.3449 -27.6193 11.3314
-2.83919 -0.878555 -2.74407 -18.4435 16.2277 16.4893
2.17328 1.4181 -2.13628 8.89625 -5.46462 17.2343
-1.14895 1.26244 -1.14396 22.2269 -24.3756 -25.5094
-1.87496 -2.38308 2.47066 4.75017 28.7553 -3.9137
-1.68892 2.45309 0.176955 9.63909 19.0915 -20.5471
-2.93583 -2.17777 -1.88598 -24.0876 15.6111 -16.0729
1.03735 0.618106 -0.629171 -11.766 -21.3353 10.0765
-0.319075 1.2825 -1.50466 3.94586 -27.8896 8.93834
