-1.0302 -2.78366 -1.85084 16.9895 7.41086 19.3367
0.887499 -2.55482 -1.05643 19.7815 -19.4864 -16.4984
2.1197 2.68957 -0.40534 -24.3171 23.5367 27.5196
1.03879 1.53761 0.16273 13.5534 -12.8528 -12.7072
-1.94518 -2.53303 1.84904 3.61165 -24.8028 15.5508
0.392109 0.275153 2.8106 -28.1329 17.1617 9.28527
-0.645554 -0.610193 -2.59807 -22.3964 25.0705 7.7497
2.37086 1.83908 1.88686 26.7064 -22.7711 -11.863
-1.78682 0.934677 0.0913699 -15.065 20.2367 -5.68475
2.18674 -0.244108 2.22319 -9.57013 7.28218 -5.98526
