1.34927 0.688017 2.7456 -16.7153 -9.46063 20.6971
2.87267 -0.962679 2.0057 -22.9394 9.08794 25.8026
0.104527 -2.08675 0.044031 -26.7444 -14.8374 -23.1762
2.05123 0.345693 -1.2423 -14.5632 -6.44354 29.1622
-0.745492 1.99278 2.58974 6.02272 -26.0449 13.6854
-1.6177 -1.52198 -0.305017 10.1199 28.2628 -6.43291
-1.23209 -2.24781 -1.40134 -4.72625 -10.2372 26.8643
2.71127 -1.69788 -1.40059 -12.9886 10.1698 9.20302
2.68297 1.26316 -2.58008 -14.8768 -14.5025 4.24232
2.38866 -2.82384 2.49635 -8.10096 -1.95312 6.24954
