3068 3061
2365 2355
1640 1632
3137 3131
0391 0388
1876 1874
1666 1657
3247 3245
3123 3115
1809 1803
2576 2568
1630 1624
1749 1745
3303 3300
0098 0095
3553 3551
0696 0687
0493 0484
2473 2471
1211 1208
0359 0358
1985 1976
2950 2944
0924 0923
3609 3606
0453 0451
1665 1661
0045 0044
1973 1972
0104 0101
2320 2311
3010 3004
2142 2135
3752 3751
0271 0268
0626 0625
2669 2668
2065 2063
1134 1124
0363 0353
0562 0552
0350 0344
1839 1836
3011 3003
2102 2098
3415 3414
1385 1382
2885 2882
1581 1578
0087 0083
1525 1521
0952 0950
1347 1345
3744 3737
2700 2691
1926 1925
2741 2738
0621 0615
2434 2424
3241 3233
2371 2361
1797 1793
2554 2545
2801 2796
0042 0038
2544 2541
2555 2546
2791 2786
0073 0065
0982 0977
0723 0715
0347 0340
1910 1905
3109 3102
3710 3700
1074 1068
1883 1882
2286 2278
2529 2526
2021 2017
0122 0119
3389 3379
2752 2751
3343 3338
2933 2930
3466 3461
2394 2387
0556 0548
0149 0146
1381 1377
0034 0025
3658 3655
3636 3626
1013 1004
0074 0068
0320 0316
0569 0566
2711 2707
2324 2316
3613 3604
