0350 0343
3197 3188
1245 1242
3123 3116
1019 1018
0614 0611
2889 2888
0037 0034
1547 1539
3560 3553
3395 3385
0400 0396
2066 2061
3748 3745
1860 1850
0805 0798
1553 1552
2172 2165
3042 3033
3243 3236
3077 3068
0730 0729
1678 1674
3776 3770
3593 3583
2608 2607
2695 2686
1101 1098
1383 1373
0157 0156
1405 1403
2107 2097
0516 0510
0487 0482
2167 2157
2732 2725
0158 0148
1143 1141
0329 0326
2715 2712
1963 1955
2430 2429
1715 1710
3109 3107
3031 3029
1683 1680
0315 0311
1076 1075
2273 2264
1714 1712
0084 0077
3391 3388
2280 2270
2225 2219
0925 0922
0771 0770
3111 3103
3505 3495
0059 0050
2647 2641
3478 3473
0052 0047
0275 0272
2253 2247
3003 2997
3352 3349
3155 3152
0192 0188
1658 1655
0714 0707
2940 2936
1529 1520
2184 2179
3239 3235
3694 3689
2260 2255
2032 2028
3663 3661
2511 2503
1582 1577
3458 3450
1458 1455
0024 0020
1028 1024
1272 1267
0229 0220
3444 3437
1053 1046
2325 2318
2508 2499
1805 1797
0149 0146
2356 2347
3100 3094
2837 2831
3717 3716
0557 0547
2453 2446
3698 3695
3788 3780
