0757 0749
2392 2390
3188 3183
2225 2223
0254 0248
0071 0062
1637 1629
1940 1935
2519 2515
1743 1737
2591 2581
1972 1962
2985 2983
0717 0714
0185 0176
2261 2260
2310 2304
3409 3401
0086 0082
3370 3362
1025 1020
2977 2969
3086 3082
2385 2380
3742 3738
3024 3019
3734 3732
3219 3212
1569 1564
1818 1808
1751 1749
1290 1280
2997 2988
3139 3133
2142 2135
3747 3744
1627 1624
3170 3164
0957 0953
3080 3075
1549 1543
3554 3552
1775 1769
0418 0414
1690 1686
0962 0956
1671 1668
2169 2168
1507 1497
3232 3229
0272 0263
2829 2820
1279 1277
1516 1506
0364 0357
1381 1379
0298 0290
2990 2986
2191 2181
2077 2073
1419 1414
1067 1059
1802 1798
3301 3291
1546 1542
0940 0935
3035 3029
0412 0402
0563 0559
3556 3553
0166 0163
3641 3640
0517 0515
0811 0803
1315 1310
0217 0213
3061 3055
0142 0136
0144 0137
1468 1467
1194 1184
1053 1044
1669 1665
0421 0420
1768 1760
3354 3345
0610 0600
2425 2420
1061 1052
2407 2400
0597 0595
3050 3041
0562 0553
0070 0065
0737 0731
3289 3286
2912 2908
2945 2938
1370 1361
1906 1905
